0 2037
0 3978
0 1434
1 3782
1 345
1 1758
2 1703
2 4662
2 1229
3 2962
3 1404
3 4737
4 1300
4 2393
4 4768
5 1776
5 1422
5 2996
6 1464
6 1417
6 1467
7 4539
7 1476
7 541
8 2925
8 2874
8 3346
9 340
9 4684
9 1735
10 1628
10 3059
10 1473
11 2859
11 3222
11 4416
12 507
12 636
12 1605
13 3468
13 777
13 3964
14 1598
14 1600
14 1601
14 4797
15 3941
15 4743
15 1124
16 2196
16 2079
16 4418
17 4118
17 4263
17 2159
18 2684
18 4119
18 2903
19 3453
19 203
19 2175
20 3894
20 780
20 3430
21 275
21 2885
21 4025
22 250
22 1395
22 4410
23 4279
23 2726
23 91
24 4103
24 1765
24 2023
25 128
25 986
25 2062
26 2934
26 515
26 3441
27 3089
27 2724
27 4303
28 1184
28 4207
28 2263
29 4233
29 1211
29 1804
30 1598
30 1600
30 1601
30 4797
31 4674
31 226
31 2079
32 279
32 4167
32 1376
33 4138
33 2246
33 4481
34 1761
34 4719
34 4036
35 2831
35 609
35 561
36 1546
36 2780
36 3449
37 533
37 801
37 4272
38 1161
38 2346
38 4414
39 2630
39 4567
39 496
40 2013
40 4527
40 558
41 339
41 2447
41 699
42 2526
42 2845
42 2513
43 1153
43 1474
43 2953
44 4265
44 4226
44 1671
45 3563
45 3107
45 2177
46 1016
46 1018
46 4341
47 4125
47 4266
47 3899
48 3034
48 106
48 1453
49 198
49 3066
49 2821
50 4022
50 4596
50 678
51 1248
51 4730
51 1463
52 2805
52 3346
52 114
53 4756
53 4438
53 1199
54 1585
54 3909
54 1420
55 64
55 56
55 2599
56 341
56 649
56 1356
57 1519
57 2699
57 3327
58 4652
58 2517
58 1883
59 1468
59 1686
59 2546
60 4706
60 151
60 854
61 2510
61 2579
61 2388
62 181
62 554
62 2277
63 4567
63 121
63 2325
64 2599
64 1371
64 4437
65 2908
65 4339
65 1290
66 4110
66 2456
66 371
67 2770
67 2722
67 2701
68 102
68 4665
68 369
69 1539
69 2111
69 481
70 1519
70 3327
71 4434
71 4699
71 2279
72 2388
72 2579
72 2510
73 4529
73 2560
73 4792
74 2026
74 2118
74 648
75 2918
75 1346
75 3474
76 1002
76 625
76 413
77 1406
77 4144
77 3414
78 4103
78 1526
78 2569
79 115
79 1657
79 4004
80 3069
80 901
80 230
81 1976
81 1710
81 963
82 1374
82 2193
82 1083
83 1184
83 1949
83 2289
84 3365
84 1146
84 2023
85 1495
85 2637
85 4317
86 1763
86 3413
86 2829
87 3419
87 3470
87 2635
88 330
88 4236
88 4012
89 3475
89 1210
89 1754
90 2161
90 1854
90 1496
91 4279
91 119
91 4635
92 4485
92 1442
92 1276
93 1483
93 2918
93 4342
94 4773
94 388
95 1099
95 4228
95 1885
96 4617
96 2408
96 617
97 1598
97 1600
97 1601
97 4797
98 1598
98 1600
98 1601
98 4797
99 2592
99 577
99 901
100 1470
100 1726
100 1022
101 259
101 970
101 116
102 4662
102 4665
103 4450
103 3416
103 383
104 202
104 4237
104 1268
105 561
105 2651
105 4358
106 4584
106 1453
106 579
107 2638
107 321
107 1624
108 1598
108 1600
108 1601
108 4797
109 1006
109 1861
109 789
110 1598
110 1600
110 1601
110 4797
111 1598
111 1600
111 1601
111 4797
112 2241
112 2267
112 4574
113 2177
113 1578
113 3982
114 733
114 1926
114 1960
115 4004
115 399
115 1657
116 2314
116 970
117 2534
117 3994
117 3300
118 2139
118 2145
118 355
119 4279
119 1213
120 1723
120 395
120 4429
121 3286
121 3901
122 1191
122 1437
122 1185
123 1798
123 2815
123 3070
124 2962
124 1404
125 336
125 2706
125 2062
126 3004
126 2906
126 2358
127 3272
127 4441
127 4459
128 2062
128 2016
129 1598
129 1600
129 1601
129 4797
130 357
130 4449
130 4009
131 4416
131 2130
132 1598
132 1600
132 1601
132 4797
133 244
133 1664
133 1663
134 3977
134 2525
134 4725
135 549
135 2572
135 3313
136 4722
136 576
136 2725
137 1681
137 2812
137 4700
138 4243
138 2954
138 4258
139 765
139 2951
139 193
140 1164
140 1163
140 3295
141 561
141 1186
141 4279
142 2673
142 610
142 1021
143 3292
143 2386
143 4671
144 1501
144 4052
144 4711
145 4756
145 2571
145 1695
146 4716
146 822
147 2411
147 955
148 3933
148 2564
148 3972
149 1616
149 420
149 2665
150 4057
150 2889
150 4058
151 4222
151 2579
152 2283
152 2099
152 1365
153 2749
153 656
153 506
154 4468
154 646
154 183
155 1204
155 2159
155 929
156 2473
156 335
156 3884
157 732
157 4001
157 2168
158 681
158 2632
158 1865
159 760
159 4598
159 4377
160 2470
160 3421
160 2945
161 2709
161 4315
161 2328
162 1861
162 4233
162 2457
163 2485
163 4665
164 346
164 2362
164 510
165 4332
165 1019
165 3068
166 1598
166 1600
166 1601
166 4797
167 1423
167 362
167 4270
168 1598
168 1600
168 1601
168 4797
169 735
169 1969
169 455
170 1535
170 676
170 2030
171 2741
171 2012
172 3977
172 1448
172 2525
173 1598
173 1600
173 1601
173 4797
174 2543
174 1343
174 353
175 1508
175 4328
176 722
176 3468
176 397
177 2772
177 1975
177 1874
178 732
178 3092
178 1320
179 4312
179 1199
179 1405
180 533
180 1563
181 2277
181 554
182 4332
182 3068
182 3366
183 4025
183 646
184 1678
184 4784
184 3083
185 367
185 2180
185 1534
186 3193
186 2893
186 1121
187 1463
187 4329
187 1415
188 1069
188 2576
188 3985
189 513
189 1003
189 1508
190 1490
190 4036
190 1761
191 960
191 1188
191 1277
192 657
192 2867
192 595
193 408
193 2600
194 2176
194 2667
194 1216
195 690
195 4404
195 3090
196 3220
196 926
196 1821
197 4128
197 4393
197 3204
198 3066
198 3395
198 2821
199 3419
199 690
199 1846
200 2456
200 371
201 1054
201 3308
201 493
202 4425
202 1268
203 4415
203 2175
204 2307
204 1745
204 2207
205 1725
205 2228
205 1849
206 1533
206 1356
206 1370
207 396
207 1452
207 4634
208 1598
208 1600
208 1601
208 4797
209 4015
209 413
209 1002
210 1193
210 4623
210 3885
211 1143
211 2990
211 3701
212 605
212 4473
212 2005
213 4179
213 2286
213 1272
214 2969
214 4338
214 1621
215 883
215 1535
215 2769
216 1108
216 2283
216 4446
217 303
217 2912
217 772
218 2597
218 932
218 612
219 1254
219 2828
219 2928
220 3320
220 3269
220 4745
221 4014
221 1753
221 4174
222 1727
222 3482
222 4608
223 774
223 1972
223 469
224 903
224 573
224 4502
225 4576
225 4394
225 4456
226 4674
226 770
226 1151
227 2513
227 4297
227 3065
228 1897
228 2674
228 4631
229 2689
229 1836
229 2200
230 793
230 2592
230 3069
231 1871
231 681
231 3467
232 1900
232 1506
232 537
233 698
233 2154
233 1769
234 4506
234 1260
234 2160
235 3030
235 1489
235 1948
236 413
236 1253
236 4310
237 937
237 837
237 547
238 3049
238 1253
238 1002
239 2049
239 1833
239 1575
240 3937
240 1628
240 3485
241 4436
241 3992
241 2066
242 4488
242 3032
242 1409
243 2128
243 4030
243 1425
244 1663
244 245
245 246
246 1208
246 4239
246 2294
247 1964
247 2145
247 1645
248 2848
248 2917
248 4199
249 344
249 1407
249 2607
250 4410
250 1395
251 1388
251 4352
251 2133
252 2212
252 2045
252 4115
253 4796
253 2964
253 2260
254 4188
254 1571
254 885
255 3362
255 2205
255 2487
256 552
256 989
256 2178
257 1549
257 1944
257 1547
258 3412
258 1485
259 3068
259 4575
259 1438
260 3325
260 849
260 4712
261 543
261 3999
261 1142
262 2288
262 3415
262 3031
263 3091
263 2973
263 2173
264 987
264 4735
264 3017
265 718
265 4148
265 1083
266 1864
266 3047
267 1598
267 1600
267 1601
267 4797
268 2154
268 795
268 698
269 1598
269 1600
269 1601
269 4797
270 400
270 277
270 1680
271 1002
271 4527
271 2620
272 1598
272 1600
272 1601
272 4797
273 703
273 348
273 3092
274 4017
274 1937
274 2597
275 4010
275 4096
276 1000
276 2598
277 3422
277 400
278 2414
278 3294
278 2352
279 4167
279 1944
280 408
280 2599
281 1598
281 1600
281 1601
281 4797
282 4681
282 3982
282 2299
283 3910
283 460
283 1035
284 2517
284 2983
284 2651
285 4394
285 2125
285 2553
286 4660
286 4592
286 675
287 2814
287 2631
287 615
288 1830
288 1108
288 2283
289 1523
289 1330
289 903
290 1376
290 1503
290 1937
291 637
291 4713
291 1391
292 1517
292 2444
292 1384
293 4226
293 1647
294 2567
294 466
294 4340
295 1541
295 2904
295 1971
296 829
296 413
296 4663
297 959
297 2030
297 4340
298 2916
298 2041
298 1002
299 4568
299 2396
299 3294
300 2029
300 496
300 645
301 1367
301 4452
302 1598
302 1600
302 1601
302 4797
303 2912
303 772
303 4759
304 4035
304 1345
304 1991
305 1761
305 2646
305 2164
306 385
306 2835
306 4305
307 4749
307 1258
307 2645
308 2345
308 633
308 3373
309 2418
309 4499
309 378
310 4270
310 2586
311 1598
311 1600
311 1601
311 4797
312 1870
312 978
313 2944
313 1868
313 1588
314 1598
314 1600
314 1601
314 4797
315 892
315 1517
316 3475
316 2061
316 319
317 3351
317 744
317 751
318 694
318 479
318 406
319 2231
319 2061
320 2967
320 4175
320 1887
321 4570
322 1093
322 589
322 2615
323 4170
323 2885
323 4352
324 1646
324 4172
324 1660
325 1230
325 3223
325 2434
326 4157
326 466
326 3286
327 3039
327 3916
327 3265
328 2262
328 2058
328 1388
329 1088
329 2333
329 1289
330 4012
330 4236
331 4419
331 2175
331 3453
332 4582
332 2713
332 1463
333 4714
333 1845
333 1465
334 1007
334 1508
335 1733
335 2535
335 4766
336 827
336 1721
336 1217
337 2081
337 975
337 4614
338 4533
338 4256
338 4169
339 1079
339 4326
339 1982
340 2920
340 1860
341 1134
341 1356
342 1675
342 1845
342 1465
343 3223
343 2403
343 2434
344 4257
344 1407
344 2607
345 4698
345 1758
346 924
346 431
347 4289
347 3916
347 1178
348 2598
348 1320
348 4313
349 1451
349 2707
349 1445
350 4353
350 2749
350 3897
351 1380
351 4158
351 4476
352 1284
352 1452
352 2802
353 1354
353 2264
354 4670
354 3396
354 3401
355 637
355 1645
356 2194
356 4501
356 4465
357 560
357 3402
357 1767
358 1462
358 3896
358 2823
359 1598
359 1600
359 1601
359 4797
360 2250
360 4004
361 3458
361 2805
361 2914
362 1401
362 1423
362 4270
363 409
363 582
363 1014
364 2609
364 492
364 1941
365 1942
365 951
366 1766
366 1376
366 4167
367 1534
367 2180
368 2520
368 3322
368 973
369 4323
369 4665
370 728
370 1969
370 2008
371 2456
371 3407
371 4110
372 4706
372 2137
372 1313
373 1598
373 1600
373 1601
373 4797
374 1992
374 782
374 1067
375 2063
375 2286
375 1736
376 1750
376 1459
376 4235
377 2323
377 1481
377 1509
378 2144
378 2683
378 1304
379 2290
379 4111
379 933
380 1258
380 384
380 439
381 2153
381 4198
381 4261
382 4319
382 4199
383 4450
383 1688
383 3416
384 1414
385 2835
385 4305
386 703
386 1319
387 3310
387 2156
387 947
388 2224
388 2434
388 1595
389 3401
389 4159
390 462
390 451
390 426
391 787
391 4729
391 2157
392 4448
392 4592
392 490
393 4172
393 1772
394 4408
394 3292
394 3326
395 4278
395 1723
396 1153
396 1698
396 633
397 3028
397 3964
398 1614
398 2709
398 2328
399 888
399 1657
399 4462
400 1680
400 3422
400 4470
401 4434
401 4699
401 2676
402 1142
402 1018
402 4341
403 1460
403 1137
403 4232
404 1598
404 1600
404 1601
404 4797
405 3092
405 4522
405 407
406 3067
406 3992
406 4384
407 4522
407 3092
408 3487
408 2599
409 2374
409 1893
409 582
410 3994
410 4740
410 697
411 1897
411 4528
411 2674
412 3387
412 2626
412 4202
413 650
413 1293
413 3912
414 2331
414 4534
415 1313
415 4689
415 3390
416 1411
416 1830
416 3358
417 456
417 464
417 452
418 464
418 452
418 456
419 1040
419 4127
419 1165
420 1161
420 533
420 2253
421 460
421 443
421 461
422 3799
422 474
423 850
423 4225
423 538
424 602
424 2756
425 426
425 451
426 451
427 4684
427 2599
427 4472
428 2042
428 2143
428 439
429 1598
429 1600
429 1601
429 4797
430 2712
430 1943
430 4100
431 4313
431 3307
431 3036
432 2063
432 1736
432 1697
433 2656
433 3931
434 4775
434 2262
434 812
435 462
435 451
435 483
436 1673
436 4114
437 2922
437 1378
437 4146
438 4239
438 1586
438 1580
439 2406
439 2042
440 1598
440 1600
440 1601
440 4797
441 538
441 850
442 469
442 656
442 556
443 1476
443 461
443 449
444 2427
444 466
444 449
445 1598
445 1600
445 1601
445 4797
446 1464
446 461
447 1155
447 460
448 1155
448 471
448 1505
449 1488
449 1476
450 1598
450 1600
450 1601
450 4797
451 462
451 4258
452 464
452 456
453 461
454 486
454 2567
455 1010
455 474
457 478
458 488
458 487
458 468
459 468
459 487
460 4605
461 470
462 4258
463 833
463 3378
463 465
465 4001
466 478
466 2427
467 481
468 488
469 2257
469 788
470 1486
471 1476
471 1464
472 674
473 2062
473 1086
473 883
474 4529
474 3732
474 3799
475 2617
475 476
475 986
476 1381
476 712
477 1536
477 3319
478 1476
478 1488
479 1583
479 4711
481 1539
481 3963
482 4071
482 1327
484 1598
484 1600
484 1601
484 4797
489 3901
489 1486
489 1464
490 1566
490 4592
491 1464
491 1451
491 3901
492 4295
492 2443
492 1843
493 4771
493 1054
494 575
494 4122
494 1104
495 1572
495 1672
495 4524
496 4567
496 1486
497 693
497 4567
497 1830
498 1752
498 3047
498 889
499 3359
499 4709
499 2050
500 2051
500 1807
500 4011
501 2332
501 1488
501 2531
502 1598
502 1600
502 1601
502 4797
503 847
503 2620
503 4331
504 4775
504 505
504 2045
505 4214
506 1331
506 4527
506 656
507 1234
507 1960
508 2746
508 1357
508 3112
509 4308
509 2874
510 4771
510 838
511 4645
511 1573
511 2195
512 1598
512 1600
512 1601
512 4797
513 2842
513 1003
513 1637
514 1013
514 621
515 3441
515 2934
516 1598
516 1600
516 1601
516 4797
517 1598
517 1600
517 1601
517 4797
518 4071
518 3574
519 871
519 899
519 987
520 1598
520 1600
520 1601
520 4797
521 3017
521 987
522 883
522 2852
523 529
523 4554
523 1262
524 1598
524 1600
524 1601
524 4797
525 1598
525 1600
525 1601
525 4797
526 1986
526 2921
526 813
527 2546
527 1407
528 1230
528 1391
529 532
529 1262
530 3455
530 1891
530 1333
531 1598
531 1600
531 1601
531 4797
532 1262
532 2070
532 1347
533 4272
533 3946
534 2450
534 1583
534 1982
535 2416
536 3502
536 1749
536 4728
537 4022
537 4596
537 1506
538 4363
538 4225
539 4123
539 3491
539 3642
540 2767
540 2933
540 4201
541 2707
541 1445
541 1451
542 3320
542 3290
543 3999
543 1739
544 1738
544 2695
544 2935
545 1364
545 3910
545 1982
546 3273
546 1457
546 1806
547 937
548 2695
548 1989
548 3399
549 668
549 2572
549 4758
550 4207
550 2381
550 2979
551 1130
551 1638
552 989
552 2518
552 2178
553 4272
554 2277
555 805
555 807
555 4220
556 1670
556 3314
557 1598
557 1600
557 1601
557 4797
558 3799
558 732
558 3732
559 4351
559 673
559 2408
560 1767
560 4412
560 1419
561 4279
561 1186
562 673
562 4591
562 1028
563 4317
563 4255
563 4031
564 4712
564 849
565 4268
565 839
565 2821
566 4448
566 2786
567 4400
567 2886
567 4418
568 4532
568 1852
569 2727
569 696
570 1598
570 1600
570 1601
570 4797
571 2200
571 2689
572 2507
572 1382
572 4684
573 1595
574 3482
574 1155
574 4711
575 4122
575 1104
576 4722
576 2725
577 2076
577 793
577 901
578 2732
578 2398
578 2645
579 4734
579 4584
579 4403
580 4014
580 2861
580 687
581 2857
581 4625
581 4354
582 4301
582 2256
583 2676
583 4434
583 4699
584 3501
584 2098
585 1598
585 1600
585 1601
585 4797
586 1343
586 1366
586 2868
587 3960
587 3312
587 1982
588 2060
588 885
589 3491
589 2640
589 4123
590 3924
590 1969
590 2111
591 1598
591 1600
591 1601
591 4797
592 1867
592 4501
592 2747
593 3416
593 1688
594 1598
594 1600
594 1601
594 4797
595 3419
595 1846
596 1876
596 3037
597 1598
597 1600
597 1601
597 4797
598 2836
598 2636
598 4252
599 1883
599 2517
600 4633
600 3298
600 4379
601 2960
601 934
602 2756
603 2635
603 1203
603 4263
604 2179
604 4176
604 756
605 4700
605 2812
605 4473
606 1486
606 3081
606 1507
607 1761
608 1598
608 1600
608 1601
608 4797
609 4103
610 1021
610 2673
611 4761
611 1744
612 2597
612 4062
613 4481
613 2246
614 1742
614 1295
614 2661
615 2814
615 1825
616 1520
616 4493
616 3374
617 4617
617 4591
617 1025
618 1598
618 1600
618 1601
618 4797
619 4176
619 1123
619 2634
620 2445
620 763
620 4654
621 1570
621 1498
622 4453
622 2932
622 2496
623 1315
623 4013
623 4352
624 2413
624 630
624 627
625 1297
625 4749
625 2171
626 628
626 4451
626 631
627 2413
627 630
628 805
628 4451
629 3244
629 632
629 631
630 4334
630 2413
630 803
631 3244
631 632
632 3244
633 1153
633 1698
634 2345
634 2148
635 1736
635 1697
635 4593
636 1605
637 4721
637 2350
638 3701
638 1605
638 3914
639 1451
639 3286
639 3280
640 2654
640 2174
641 1458
641 4018
641 4515
642 4157
642 1584
643 2115
643 1853
643 4459
644 2160
644 769
644 2017
645 4498
645 4384
646 1606
647 2240
647 2254
647 1111
648 1975
648 4506
648 960
649 650
649 3036
650 3912
650 4313
651 999
651 1331
652 1226
652 1817
652 1881
653 4295
653 4158
653 2044
654 2531
654 4157
654 4230
655 1598
655 1600
655 1601
655 4797
657 2184
657 3496
658 2164
658 2646
659 3381
659 1666
659 4576
661 1698
661 1153
661 1474
662 2510
662 2579
662 2388
663 1722
663 1776
664 4404
664 4099
664 690
665 2643
665 4120
665 2763
666 1731
666 4094
667 1726
667 1022
667 3443
668 4758
668 2572
669 2400
669 4176
670 2318
670 3455
670 3077
671 1176
671 1141
671 4060
672 1484
673 1025
673 4591
673 4046
674 4482
674 681
675 3649
675 1029
676 2000
676 4469
676 2030
677 4466
677 4187
677 3013
678 4022
678 4596
679 2464
679 2170
679 2752
680 3984
680 3404
680 835
681 4482
681 2438
682 1820
682 2527
683 3122
683 1832
683 1952
684 793
684 3069
684 1012
685 1142
685 3412
685 3999
686 4079
686 4404
686 1860
687 4253
687 2680
688 1679
688 2292
688 4624
689 1267
689 2248
689 2500
690 3090
690 4079
691 2653
691 2253
691 4276
692 4536
692 2825
692 4676
693 1427
693 2326
693 1423
694 1998
694 4087
694 1604
695 4036
695 3893
696 1863
696 1477
697 2501
697 2763
697 2643
698 2669
698 795
699 1094
699 4253
699 1433
700 2178
700 1418
700 3061
701 1325
701 704
701 744
702 1064
702 2171
702 1297
703 3919
703 1610
703 3925
704 837
705 3455
705 2021
705 2271
706 2946
706 1213
706 2782
707 2322
707 2355
707 4342
708 1773
708 1748
708 4185
709 2885
709 2344
709 1861
710 1480
710 2575
710 4611
711 2640
711 1764
711 2615
712 2706
712 4745
712 4510
713 1598
713 1600
713 1601
713 4797
714 3458
714 737
715 718
715 1921
715 716
716 1499
717 1988
717 726
717 3099
718 4082
718 930
718 1270
719 3330
719 3485
719 1083
720 1598
720 1600
720 1601
720 4797
721 1598
721 1600
721 1601
721 4797
722 777
722 3964
722 3028
723 776
723 742
723 748
724 1926
724 3732
724 1234
725 2148
725 4459
725 900
726 1998
726 2532
727 2195
727 2116
727 2054
728 3935
728 737
728 1959
729 733
729 1799
729 737
730 2062
730 774
731 4664
731 4527
731 1078
732 1238
732 4313
733 737
733 1926
734 736
734 738
734 1823
735 1615
735 1926
735 4308
736 738
736 1823
737 1926
738 1823
739 1598
739 1600
739 1601
739 4797
740 1598
740 1600
740 1601
740 4797
742 3915
742 776
742 748
743 1598
743 1600
743 1601
743 4797
744 3925
744 3919
744 751
745 4102
745 3916
745 4650
746 1598
746 1600
746 1601
746 4797
747 1598
747 1600
747 1601
747 4797
748 776
749 1598
749 1600
749 1601
749 4797
750 3916
750 3922
750 3920
751 3925
751 3919
752 2337
752 755
752 754
753 4549
753 766
753 2337
754 766
754 755
755 2337
756 1842
756 4176
756 4166
757 3361
757 3366
758 2542
758 1772
759 4229
759 3398
759 2926
760 2697
760 4598
760 2926
761 1598
761 1600
761 1601
761 4797
762 3499
762 4097
762 2895
763 4018
763 4654
764 4431
764 4047
764 3340
765 3079
765 2552
765 3340
766 2337
767 1203
767 4079
768 2176
768 4516
768 2448
769 1277
769 2583
770 4674
770 1151
771 3217
771 2726
771 4733
772 2912
772 4759
773 1598
773 1600
773 1601
773 4797
774 1612
774 3963
774 4308
775 1120
775 3106
775 3380
776 3925
777 3964
777 3468
778 1598
778 1600
778 1601
778 4797
779 2965
779 2740
779 1209
780 4778
780 858
780 3430
781 4130
781 1420
781 1585
782 4035
782 1067
783 4796
783 2262
784 4484
784 3071
784 1477
785 4041
785 2754
785 786
786 1165
786 2754
787 2157
787 1951
787 4708
788 1969
788 1853
789 2692
789 2712
789 1760
790 1016
790 1142
790 1018
791 1396
792 4700
792 2812
792 1681
793 901
793 3069
794 3195
794 1293
794 4325
795 4022
796 1519
796 1685
796 1428
797 1040
797 962
797 2994
798 2918
798 3584
798 3770
799 4432
799 934
800 1960
800 3458
801 4272
802 1335
802 2897
803 4334
803 2413
804 807
804 4220
805 4220
805 807
807 4220
808 2423
808 1168
808 1340
809 1192
809 1896
809 1966
810 3799
810 3817
810 4661
811 1249
811 2948
812 2568
812 4468
812 1754
813 2814
813 1551
814 1625
814 3885
814 1192
815 4313
815 4487
815 816
816 2183
817 1598
817 1600
817 1601
817 4797
818 1598
818 1600
818 1601
818 4797
819 3451
819 1267
820 3885
820 4411
820 1192
821 4645
821 2805
821 2237
822 1255
822 1627
823 2893
823 1121
824 2604
824 2265
824 1217
825 2852
825 2054
825 3312
826 1598
826 1600
826 1601
826 4797
827 1217
827 1559
828 2960
828 1846
828 4525
829 1486
829 4663
829 3911
830 1125
831 1578
831 4599
831 2299
832 1598
832 1600
832 1601
832 4797
833 2990
833 3378
833 2796
834 1270
834 2354
834 1581
835 1045
835 3404
836 4211
836 3454
836 1770
837 1216
837 2667
837 937
838 3119
838 4459
838 1370
839 988
839 2821
840 1598
840 1600
840 1601
840 4797
841 2592
841 3069
842 1598
842 1600
842 1601
842 4797
843 1598
843 1600
843 1601
843 4797
844 1196
844 3311
844 1139
845 1654
845 1893
845 2443
846 1176
846 4038
846 3458
847 1969
847 3360
847 1815
848 2261
849 2804
849 4712
850 4363
851 1598
851 1600
851 1601
851 4797
852 1598
852 1600
852 1601
852 4797
853 3902
853 2314
854 1439
854 4094
855 1598
855 1600
855 1601
855 4797
856 1045
857 4412
857 948
858 3894
858 3430
859 3183
859 4758
860 3884
861 2130
861 4538
862 2111
862 1042
863 4664
863 2394
863 3574
864 1255
864 1183
865 4739
865 4284
865 4622
866 2722
866 4371
866 2770
867 2461
868 947
868 2156
869 2175
869 3495
870 4047
870 3340
871 987
871 899
872 2117
872 1841
872 3062
873 1230
873 4651
873 2743
874 1598
874 1600
874 1601
874 4797
875 4141
875 1113
875 1391
876 1598
876 1600
876 1601
876 4797
877 2684
877 2535
877 4766
878 1598
878 1600
878 1601
878 4797
879 2201
879 3361
880 4153
880 1350
880 881
881 1350
881 4153
882 2323
882 940
882 1864
883 903
883 4663
883 902
884 4262
884 4177
885 2060
885 1571
885 4188
886 4120
886 2404
886 2643
887 2072
887 2647
887 4121
888 4462
888 1657
889 2647
889 1752
889 1220
890 1598
890 1600
890 1601
890 4797
891 2102
891 1221
892 4339
893 1362
893 2935
893 3246
894 4666
894 1405
895 1598
895 1600
895 1601
895 4797
896 2236
896 1420
896 3990
897 4724
897 4754
897 1590
898 1493
898 2019
898 2074
899 987
900 1253
900 1374
901 2592
902 3290
902 903
903 4663
904 919
904 1625
904 2186
905 1598
905 1600
905 1601
905 4797
906 1598
906 1600
906 1601
906 4797
907 1598
907 1600
907 1601
907 4797
908 910
908 914
908 915
909 2170
909 4480
909 916
910 914
910 915
911 977
911 1242
911 2309
912 1598
912 1600
912 1601
912 4797
913 915
913 916
914 915
916 2170
916 4480
917 1598
917 1600
917 1601
917 4797
918 1598
918 1600
918 1601
918 4797
919 1170
920 1598
920 1600
920 1601
920 4797
921 1642
921 2665
921 923
922 1598
922 1600
922 1601
922 4797
923 2346
924 2284
925 2806
925 3325
925 1956
926 1821
926 1812
927 4124
927 2959
927 4777
928 4507
928 2692
928 2454
929 2727
929 1863
930 2111
931 2252
931 3088
932 4062
932 2597
932 1178
933 1531
933 3910
934 4345
934 1537
935 1598
935 1600
935 1601
935 4797
936 1390
936 4713
936 1502
937 1216
937 2667
938 2453
938 1192
939 2092
939 4440
939 2267
940 2157
940 3292
940 1864
941 3097
941 2082
941 1198
942 2445
943 2075
943 2440
943 2987
944 3057
944 1120
945 2864
945 2663
946 1768
946 1383
946 1968
947 2831
947 2156
948 1419
948 4412
949 4394
949 950
949 1935
950 1935
950 4394
951 3428
952 4394
952 2816
953 3288
953 4565
954 2445
954 3424
954 1784
955 2573
956 2605
956 1502
956 1691
957 2250
957 4307
957 4537
958 1262
958 2308
958 4440
959 4340
959 1917
960 1332
960 2957
960 2160
961 1760
961 2712
961 4070
962 4503
962 4127
962 1040
963 4407
963 4721
963 2229
964 3020
964 2446
965 2521
965 3067
965 1064
966 4313
966 2477
966 3167
967 2914
967 1399
967 3026
968 1654
968 1893
968 2443
969 4282
969 1741
969 1177
970 3902
971 4477
971 1442
971 4485
972 3413
972 1763
972 2829
973 3884
973 1091
973 3040
974 2260
974 2704
974 4796
975 1679
975 4624
975 2081
976 1598
976 1600
976 1601
976 4797
977 1242
977 4476
977 2309
978 1463
978 3097
978 2880
979 3222
979 2859
980 3404
981 4144
981 2677
981 2347
982 4583
982 2046
982 3263
983 1131
984 2642
984 2762
984 1689
985 1598
985 1600
985 1601
985 4797
986 1486
986 1531
987 1261
987 3017
988 2821
988 3395
989 2178
989 2518
990 1964
990 2939
990 2326
991 2525
991 1448
992 4598
993 1039
993 2959
994 4691
994 4353
995 2109
995 4489
996 1289
996 1579
996 2333
997 2234
997 1304
997 4780
998 4277
998 1691
999 2629
999 4642
1000 2041
1000 1331
1000 3362
1001 2561
1001 3286
1002 2916
1002 4656
1003 2842
1003 1637
1004 1502
1004 3041
1005 4794
1005 1141
1006 2323
1006 4356
1007 2288
1007 3043
1007 4751
1009 1598
1009 1600
1009 1601
1009 4797
1010 2038
1011 1598
1011 1600
1011 1601
1011 4797
1012 3069
1012 2076
1013 4230
1013 2531
1013 4431
1014 2986
1015 3442
1015 2284
1015 4610
1016 4341
1016 1018
1017 3220
1017 2094
1018 4341
1019 3366
1019 3068
1020 1930
1020 3443
1020 1803
1021 2673
1022 3443
1022 1726
1023 3286
1023 3115
1023 1925
1024 2529
1024 2203
1024 2890
1025 4591
1025 2908
1025 4046
1026 2451
1026 4335
1027 1827
1027 4150
1027 4126
1028 4339
1029 2755
1029 3649
1030 1482
1030 1509
1030 1713
1031 2637
1031 3379
1032 2605
1032 3222
1033 1550
1033 1286
1033 2058
1034 1275
1034 4776
1034 2929
1035 1856
1035 3482
1036 3898
1037 1598
1037 1600
1037 1601
1037 4797
1038 2860
1039 2037
1039 2518
1039 1418
1040 4127
1040 4503
1041 2414
1041 2683
1042 3914
1042 4793
1043 4722
1043 2725
1044 4179
1044 2445
1044 1869
1045 3404
1045 4150
1046 1454
1046 4009
1047 1331
1047 1373
1047 4172
1049 1598
1049 1600
1049 1601
1049 4797
1050 1598
1050 1600
1050 1601
1050 4797
1051 1598
1051 1600
1051 1601
1051 4797
1052 3898
1052 2573
1053 3992
1053 2438
1053 4169
1054 3912
1054 1331
1055 1933
1055 2291
1056 1598
1056 1600
1056 1601
1056 4797
1057 4319
1057 2848
1058 2177
1058 3982
1058 2075
1059 1873
1059 1836
1059 1569
1060 2241
1060 2267
1060 4440
1061 1598
1061 1600
1061 1601
1061 4797
1062 2916
1062 3024
1062 1843
1063 3433
1063 2016
1063 3473
1064 1304
1064 3067
1064 1871
1065 2775
1065 4121
1065 2115
1066 3912
1066 1507
1067 1992
1068 1359
1068 3265
1068 3039
1069 4516
1069 2176
1069 2448
1070 2703
1070 3953
1070 4247
1071 3010
1071 4730
1071 4395
1072 1075
1072 4087
1072 3115
1073 3941
1073 2031
1074 2354
1075 1925
1075 4087
1076 4315
1076 4244
1076 1341
1077 1689
1077 2642
1077 4785
1078 1897
1078 1356
1078 1292
1079 2187
1079 1817
1080 2599
1080 3487
1081 4741
1081 1090
1081 4365
1082 1237
1082 2286
1082 2461
1083 2193
1083 1374
1084 4147
1084 4713
1084 1964
1085 1086
1085 4028
1085 3241
1086 1788
1087 2121
1087 2862
1088 2342
1088 1568
1088 2333
1089 3351
1090 2915
1090 4741
1090 4365
1091 4766
1092 4480
1093 2615
1093 4123
1094 4253
1094 1433
1095 2990
1096 2732
1096 1985
1096 1932
1097 3056
1097 4629
1097 2091
1098 1231
1098 2168
1099 2091
1099 1554
1100 4624
1100 2292
1100 1679
1101 1605
1101 1960
1102 2788
1103 4671
1103 1223
1104 4122
1105 2699
1105 3493
1106 1539
1106 2974
1106 1568
1107 3322
1107 2418
1107 1109
1108 2283
1108 4446
1109 4682
1109 3346
1110 2154
1110 2669
1111 4224
1111 2240
1111 2254
1112 1598
1112 1600
1112 1601
1112 4797
1113 2808
1114 1598
1114 1600
1114 1601
1114 4797
1115 1169
1115 1526
1115 4070
1116 3300
1116 2534
1116 2854
1117 1598
1117 1600
1117 1601
1117 4797
1118 2859
1118 4083
1118 4313
1119 1461
1119 2456
1120 3106
1120 2834
1121 2893
1122 2233
1123 1687
1123 2634
1124 1238
1125 1531
1125 4593
1125 2063
1126 1490
1126 4714
1127 1655
1127 3415
1128 1234
1128 2560
1129 3458
1129 2603
1130 1638
1130 1653
1130 4402
1131 1533
1131 1778
1131 2599
1132 1598
1132 1600
1132 1601
1132 4797
1133 1171
1134 4792
1134 1312
1134 1533
1135 1598
1135 1600
1135 1601
1135 4797
1136 1598
1136 1600
1136 1601
1136 4797
1137 4083
1137 2102
1137 2859
1138 4624
1138 2292
1139 3311
1139 2280
1140 4792
1140 4527
1140 4664
1141 1159
1141 4794
1142 4341
1143 2897
1144 3914
1144 3458
1145 4297
1145 4265
1145 2865
1146 2042
1146 2406
1147 4164
1147 1987
1148 2842
1148 1637
1149 4290
1149 2593
1149 4045
1150 3366
1150 4246
1150 1167
1151 4674
1152 1230
1152 2826
1152 2416
1153 2953
1153 1474
1153 1698
1154 1765
1154 4103
1155 1965
1155 4711
1156 1413
1156 1846
1157 4320
1157 4440
1158 1437
1158 1191
1159 4664
1160 1598
1160 1600
1160 1601
1160 4797
1161 2346
1161 2803
1162 1230
1163 3447
1163 3295
1164 3295
1164 3447
1165 4127
1166 3476
1166 3466
1166 3980
1167 4734
1167 2245
1167 3412
1168 2830
1168 2423
1168 2343
1169 1655
1169 1544
1169 1546
1170 2346
1170 1809
1170 4414
1171 3086
1171 4586
1172 1598
1172 1600
1172 1601
1172 4797
1173 1598
1173 1600
1173 1601
1173 4797
1174 3489
1175 1598
1175 1600
1175 1601
1175 4797
1176 2547
1176 4442
1176 3458
1177 4282
1177 1239
1178 4062
1178 2597
1179 2877
1179 4139
1179 4701
1180 1598
1180 1600
1180 1601
1180 4797
1181 1815
1181 3912
1181 2748
1182 3964
1182 3028
1183 1255
1183 1234
1183 1337
1184 3364
1184 4207
1184 2791
1185 1437
1185 2991
1186 4279
1187 2836
1187 4252
1188 3356
1188 1975
1189 3503
1189 3002
1190 4317
1190 4255
1191 1437
1192 4411
1192 1896
1193 1331
1193 4001
1193 1834
1194 3038
1194 2627
1195 2239
1195 2184
1195 3996
1196 2333
1196 3311
1197 4708
1197 3326
1197 3292
1198 1750
1198 4232
1199 2705
1199 1405
1200 2597
1200 1937
1201 2328
1201 2119
1202 4538
1202 2479
1202 4524
1203 3419
1203 2635
1204 2727
1205 4270
1205 4676
1206 1598
1206 1600
1206 1601
1206 4797
1207 4030
1207 2128
1207 1425
1208 2939
1208 3481
1208 2195
1209 2055
1209 2965
1210 1258
1211 4026
1211 4025
1212 2325
1212 3166
1212 1714
1213 2946
1213 2211
1213 2782
1214 2193
1214 4647
1214 1622
1215 3022
1215 4747
1215 2012
1216 2176
1216 2667
1217 1968
1217 1721
1218 1598
1218 1600
1218 1601
1218 4797
1219 3934
1219 4236
1220 2647
1220 1752
1221 1653
1221 2409
1222 1598
1222 1600
1222 1601
1222 4797
1223 2157
1223 3326
1223 4671
1224 3453
1224 1247
1225 1415
1225 4607
1225 1756
1226 4605
1226 3286
1226 1982
1227 1486
1227 2329
1227 4663
1228 2173
1228 1821
1228 2973
1229 2282
1229 1703
1230 2851
1230 2743
1230 2416
1231 1234
1231 1337
1232 4749
1232 1288
1232 1297
1233 3415
1233 1981
1233 1521
1234 1337
1234 4313
1234 1320
1235 3434
1235 1292
1235 3935
1236 4663
1236 4015
1237 2041
1237 2193
1238 4313
1239 2507
1239 2091
1239 4373
1240 4581
1240 2784
1240 1840
1241 3062
1241 3356
1241 2117
1242 2306
1242 4744
1242 4158
1243 2451
1243 1291
1243 2511
1244 1598
1244 1600
1244 1601
1244 4797
1245 3999
1246 1698
1248 3243
1248 1415
1248 2734
1249 3096
1249 4752
1250 2714
1250 3348
1250 2716
1251 1969
1251 4001
1251 2340
1252 3983
1252 2152
1252 1358
1253 4780
1254 1342
1254 3791
1254 2674
1255 4527
1255 4313
1255 2916
1256 1598
1256 1600
1256 1601
1256 4797
1257 3036
1257 1706
1258 1293
1259 1598
1259 1600
1259 1601
1259 4797
1260 2957
1261 3017
1263 3309
1263 2477
1263 1363
1264 1598
1264 1600
1264 1601
1264 4797
1265 4522
1265 1337
1265 3799
1266 1598
1266 1600
1266 1601
1266 4797
1267 2356
1267 2500
1268 2473
1269 1610
1269 1914
1269 3119
1270 2111
1270 4362
1270 4644
1271 1664
1271 3898
1271 2573
1272 2445
1272 4663
1272 2286
1273 1306
1273 1505
1274 1531
1274 1486
1274 1293
1275 4776
1275 1384
1277 2671
1277 3356
1278 2545
1278 2112
1279 2045
1279 4538
1279 2479
1280 2108
1280 2115
1281 4315
1281 1341
1282 4187
1282 4466
1283 2473
1284 1635
1284 1452
1285 1312
1285 3105
1285 1691
1286 1619
1286 2058
1286 1550
1287 2804
1287 4712
1288 4780
1288 1304
1288 4749
1289 2689
1289 1569
1289 4092
1290 4339
1291 3999
1292 1897
1292 3817
1293 4416
1294 2802
1294 2204
1295 3037
1295 1738
1295 2921
1296 1598
1296 1600
1296 1601
1296 4797
1297 2171
1298 1598
1298 1600
1298 1601
1298 4797
1299 2022
1299 2814
1299 1825
1300 2185
1300 2161
1300 3367
1301 2674
1301 4529
1301 4528
1302 1910
1302 4344
1302 4238
1303 1761
1303 4036
1304 1595
1304 4749
1304 1486
1305 1885
1306 4663
1307 2282
1308 2154
1309 1650
1310 2620
1311 2627
1311 4086
1312 1337
1312 4792
1313 4692
1313 3390
1314 1330
1315 1956
1317 2071
1317 2602
1317 1949
1318 1486
1318 1589
1319 2190
1320 3092
1321 2250
1321 2621
1322 1598
1322 1600
1322 1601
1322 4797
1323 1545
1323 1546
1323 1544
1324 1375
1324 2013
1325 3437
1325 2088
1325 2621
1326 1598
1326 1600
1326 1601
1326 4797
1327 3817
1327 1897
1328 1935
1329 2242
1329 1456
1329 4718
1330 1374
1330 4310
1331 4313
1331 4001
1331 2916
1332 2957
1332 2160
1333 3455
1333 1891
1334 4792
1334 1523
1335 2324
1335 4063
1335 2652
1336 4684
1336 1368
1337 4313
1338 1598
1338 1600
1338 1601
1338 4797
1339 3799
1339 4359
1340 1348
1340 2423
1341 4315
1341 2709
1342 1897
1342 4308
1343 1378
1343 1706
1344 1369
1344 4600
1344 3052
1345 1546
1345 1544
1346 3007
1346 3474
1347 1544
1347 2070
1348 2789
1349 2996
1349 1776
1349 1722
1350 4153
1351 3883
1351 1391
1351 1824
1352 2588
1352 2883
1353 2022
1353 3998
1353 1386
1354 4776
1354 4775
1354 2045
1355 2938
1355 1982
1355 2498
1356 3931
1356 2560
1356 1897
1358 4663
1359 2121
1359 2146
1359 2470
1360 2254
1360 4478
1360 3890
1361 1598
1361 1600
1361 1601
1361 4797
1362 2173
1362 1812
1362 2277
1363 2041
1363 2477
1364 2355
1365 2309
1366 3930
1366 1926
1368 1533
1368 4684
1369 3052
1369 4600
1370 4771
1371 3912
1371 3362
1371 2599
1372 2576
1372 2448
1373 4158
1374 4780
1374 4441
1374 1523
1375 2013
1375 1885
1376 4167
1377 1598
1377 1600
1377 1601
1377 4797
1378 2922
1378 3222
1379 3919
1379 1665
1380 4476
1380 1980
1381 2116
1382 1778
1382 4684
1383 1768
1383 2328
1384 1523
1385 2714
1385 1646
1386 1778
1386 2022
1387 1619
1387 1550
1387 2058
1388 4352
1388 2061
1389 1598
1389 1600
1389 1601
1389 4797
1390 2074
1391 4713
1392 4771
1393 2093
1393 2107
1394 3266
1394 3028
1395 4797
1395 4410
1396 4797
1396 3359
1397 3484
1397 4056
1398 3345
1398 1958
1399 1971
1399 4682
1399 1541
1400 2325
1400 4337
1400 4269
1401 2326
1401 1411
1402 1979
1402 4142
1402 1728
1403 2111
1404 4737
1404 2962
1405 4666
1406 4144
1406 2677
1406 2347
1407 4257
1407 1905
1407 2607
1408 2574
1408 3034
1409 4241
1409 3032
1409 4488
1410 4145
1410 3298
1411 2326
1411 1423
1412 3936
1412 3264
1413 4079
1413 2239
1414 4302
1415 2734
1416 4536
1416 1485
1417 1451
1417 3115
1417 1467
1418 2178
1418 3061
1419 1767
1419 4412
1420 3990
1420 3909
1420 1585
1421 2732
1422 4382
1422 3430
1423 2326
1424 4490
1424 4731
1424 2574
1425 3503
1425 2128
1425 4030
1426 2915
1426 4365
1426 4741
1427 1451
1427 1476
1428 1519
1428 1685
1429 3417
1429 4349
1430 1598
1430 1600
1430 1601
1430 4797
1431 2358
1431 2399
1431 3387
1432 2718
1432 2032
1432 4762
1433 1499
1433 1483
1434 4420
1434 2384
1436 2822
1436 3984
1436 3404
1437 2991
1438 3366
1438 3068
1439 4222
1439 4094
1439 3371
1441 4328
1441 1472
1441 4707
1442 4485
1443 4777
1443 4321
1443 4056
1444 2686
1445 2707
1445 1451
1446 4166
1446 4176
1447 3470
1447 2635
1448 2525
1448 3977
1449 3934
1449 4236
1450 2703
1450 2882
1450 3375
1451 1476
1451 1488
1451 1464
1452 2063
1453 4403
1454 2414
1454 3294
1454 2352
1455 4472
1455 2814
1456 2280
1456 2240
1456 2242
1457 2313
1457 1806
1458 3280
1458 1464
1458 4018
1459 4235
1459 4232
1460 4232
1460 3953
1461 2456
1462 4506
1462 1787
1462 3896
1463 4582
1463 1469
1464 3280
1464 1467
1465 1845
1466 2531
1466 1899
1466 2826
1467 1583
1468 2546
1468 1686
1469 1470
1469 4582
1470 3016
1470 4582
1471 2518
1471 2833
1471 2664
1472 4328
1472 4707
1473 3005
1474 2953
1475 3280
1475 3901
1475 4352
1476 1488
1477 3071
1477 2325
1478 4067
1478 3093
1478 2561
1479 4506
1480 2575
1480 4611
1481 3049
1481 2595
1483 4253
1484 4148
1484 2781
1484 2841
1485 4004
1486 1488
1487 1585
1487 4130
1488 3901
1489 1525
1489 1796
1489 3030
1490 1761
1490 4036
1491 1598
1491 1600
1491 1601
1491 4797
1492 4506
1492 4149
1493 2074
1493 2019
1494 2932
1494 2496
1494 4248
1495 3379
1495 2637
1495 4255
1496 2161
1496 1854
1497 2529
1497 2203
1497 3689
1498 4169
1498 3287
1499 2869
1499 4067
1500 1598
1500 1600
1500 1601
1500 4797
1501 3319
1501 4052
1502 3041
1503 1811
1503 3338
1504 3910
1504 4352
1505 4780
1505 4749
1506 4596
1508 4095
1509 2236
1509 3027
1509 3199
1510 1598
1510 1600
1510 1601
1510 4797
1511 2971
1511 4642
1512 1598
1512 1600
1512 1601
1512 4797
1513 1598
1513 1600
1513 1601
1513 4797
1514 1598
1514 1600
1514 1601
1514 4797
1515 4583
1515 4597
1516 1598
1516 1600
1516 1601
1516 4797
1518 3091
1518 2277
1519 3327
1520 2689
1520 3374
1521 2517
1521 2238
1521 4021
1522 4421
1522 4342
1522 4253
1523 3269
1523 1587
1524 2599
1524 3047
1525 2774
1525 3030
1526 2829
1526 2569
1527 1598
1527 1600
1527 1601
1527 4797
1528 2705
1528 4250
1529 4123
1529 3491
1529 4746
1530 2996
1532 4237
1533 1778
1534 1543
1535 2769
1536 4723
1536 1850
1537 3909
1537 4345
1538 4777
1538 4056
1539 4459
1539 3963
1540 4525
1540 1846
1541 2173
1541 1971
1542 4092
1542 2689
1543 3929
1544 1545
1544 1546
1545 1546
1546 2070
1547 1944
1547 1548
1547 1549
1548 1944
1548 1549
1549 1944
1550 1619
1550 3342
1551 2631
1551 2814
1552 3033
1552 3121
1553 2877
1553 3458
1553 1801
1554 4442
1555 3990
1556 1675
1557 3483
1558 2606
1559 1596
1559 1597
1560 1982
1560 4567
1561 2731
1561 4667
1562 1602
1562 1625
1563 4272
1564 1598
1564 1600
1564 1601
1564 4797
1565 1594
1565 1597
1565 4594
1566 4225
1566 4363
1567 1909
1567 2560
1568 1577
1569 2200
1569 2689
1570 4431
1570 2948
1570 1584
1571 2060
1571 4188
1572 1577
1573 4300
1573 2222
1573 3467
1574 2066
1574 2948
1574 2427
1575 1833
1575 4589
1576 3049
1578 2177
1578 3982
1579 2689
1579 4092
1580 4159
1580 4239
1581 4281
1582 4082
1582 4481
1582 3462
1584 4431
1584 2948
1585 4130
1586 4524
1586 2377
1586 2331
1587 3912
1587 2599
1588 1717
1588 1868
1589 4402
1589 1595
1590 4754
1590 2526
1591 1610
1591 4528
1591 2674
1592 4467
1592 1618
1592 1643
1593 2638
1593 1601
1593 1871
1594 4594
1594 2131
1594 1625
1596 1616
1596 4467
1596 1602
1597 2131
1598 4431
1598 1633
1598 2745
1599 1600
1599 1601
1599 4797
1600 4792
1600 2041
1601 1732
1601 4437
1601 4723
1602 2186
1602 4467
1603 1612
1603 1610
1603 1615
1605 1960
1606 2060
1607 4797
1608 3006
1608 2970
1609 2186
1609 1626
1610 1897
1610 3119
1610 3732
1611 4158
1611 2112
1612 1615
1613 4797
1614 2709
1614 2328
1615 1897
1616 2665
1616 1626
1616 1642
1617 2853
1618 2186
1619 1719
1620 3933
1620 2564
1621 2644
1621 2969
1622 2257
1623 4797
1624 2836
1624 2636
1625 2186
1626 1642
1627 4397
1628 3909
1629 1653
1630 4701
1631 4527
1632 1695
1632 1931
1633 4431
1634 1939
1634 2148
1635 3934
1635 3461
1636 3458
1636 3346
1637 2467
1637 1712
1637 2842
1638 4745
1639 1791
1639 4328
1640 2328
1640 2709
1641 4797
1642 2665
1643 2131
1644 4071
1644 4090
1644 4655
1645 1964
1645 2145
1646 4713
1646 2350
1647 2512
1648 2833
1648 4424
1649 4040
1649 2350
1649 2331
1650 3918
1651 3346
1652 4047
1653 4087
1653 4794
1654 2256
1654 1893
1655 3415
1656 1735
1656 3103
1657 4462
1658 4797
1659 4797
1660 1824
1660 3346
1661 3908
1661 3941
1662 4405
1662 2710
1662 2025
1663 4747
1663 2877
1663 1664
1664 2193
1664 2877
1666 4456
1666 4576
1667 2180
1667 1838
1668 4797
1669 1882
1669 2159
1670 1969
1670 1853
1670 3360
1671 4226
1671 2428
1671 2542
1672 1995
1672 3449
1674 2745
1674 1998
1676 4337
1676 2585
1677 2452
1677 4582
1678 3083
1678 4784
1679 2292
1679 4614
1679 4624
1680 4470
1680 3422
1681 2005
1681 2812
1681 4473
1682 4797
1683 2470
1684 2817
1684 3047
1684 2445
1686 4761
1686 2546
1687 1730
1687 3005
1688 4450
1688 3416
1689 4785
1689 2642
1690 4337
1690 2867
1690 4533
1692 2830
1692 2907
1693 3336
1693 3492
1693 2423
1694 2423
1694 2343
1695 4666
1695 1696
1697 2550
1699 2895
1699 4097
1699 3499
1700 4797
1701 4442
1701 4687
1701 3942
1702 2426
1704 4394
1704 1935
1705 1850
1705 3290
1706 3036
1706 3471
1707 4797
1708 4313
1708 2193
1709 4711
1709 2192
1710 2554
1711 4797
1712 2297
1712 2467
1713 4130
1713 3990
1714 4268
1714 3166
1715 2534
1716 1795
1716 1802
1716 2687
1717 3732
1717 4529
1718 3411
1718 2051
1719 4796
1720 4797
1721 2272
1721 2169
1721 1968
1722 2996
1722 1776
1723 4429
1723 4278
1724 3366
1724 4348
1725 4238
1725 2740
1725 1849
1726 4730
1727 1761
1727 4608
1727 2164
1728 2271
1728 2021
1729 4671
1729 2323
1730 3005
1730 4271
1731 3371
1732 4705
1732 2617
1733 2684
1733 4119
1734 3933
1734 2564
1735 4684
1735 3103
1737 4097
1737 4657
1738 2695
1738 3965
1739 4341
1740 2537
1740 4262
1740 4465
1741 2557
1741 2334
1741 4533
1742 2787
1744 2607
1745 3383
1745 2307
1745 2207
1746 2355
1746 2416
1746 4314
1747 4418
1747 4400
1748 4008
1748 4185
1748 1773
1749 4728
1749 3502
1750 4235
1751 2731
1751 3877
1751 2463
1752 2647
1753 3223
1753 2332
1753 4266
1754 4054
1754 3475
1755 1988
1755 4292
1756 3013
1756 4607
1757 2661
1758 3782
1759 1932
1760 2692
1760 2712
1762 1773
1762 4008
1762 4407
1763 3413
1763 2829
1764 4123
1764 3491
1765 4103
1765 3365
1766 2207
1766 2429
1767 4412
1767 3402
1768 1968
1768 2898
1769 2154
1770 2292
1770 4614
1771 2193
1771 2859
1771 1886
1772 4721
1772 4040
1773 4407
1773 4008
1774 2078
1775 2514
1775 3119
1776 2741
1777 1960
1777 4114
1778 4792
1779 2631
1780 3307
1780 4780
1780 3049
1781 4082
1782 3120
1783 4005
1783 2062
1784 3431
1785 1808
1785 2070
1786 1791
1786 1964
1787 4506
1787 3896
1788 4082
1788 4644
1789 2456
1790 2060
1791 4328
1792 2433
1793 4070
1793 2288
1794 2560
1794 3817
1794 2919
1795 1807
1795 2687
1796 3030
1796 2774
1797 2407
1797 2795
1798 3070
1798 2815
1800 3298
1800 4230
1801 3119
1802 2831
1802 2687
1803 3462
1803 3016
1804 2156
1805 3273
1806 2507
1806 2183
1808 2280
1809 2529
1809 4414
1809 4178
1810 3931
1810 4172
1811 2121
1811 4586
1812 2173
1813 3935
1813 1969
1813 2096
1814 3052
1815 2748
1815 3049
1815 2111
1816 1817
1817 1881
1818 2253
1818 2665
1819 1822
1819 2029
1820 2527
1821 2815
1821 3220
1824 2560
1824 4710
1825 4457
1826 2091
1826 2814
1827 4535
1828 1941
1828 2609
1829 1957
1829 2853
1829 1901
1830 1957
1830 1901
1831 3119
1831 3732
1832 1952
1832 2831
1833 4200
1833 2049
1834 4211
1834 4716
1835 2006
1835 3447
1836 2689
1836 2200
1837 4797
1838 3470
1838 4263
1839 2075
1839 4599
1840 2524
1840 4186
1840 4581
1841 2443
1841 2549
1841 2129
1842 2951
1843 2443
1843 3024
1843 2916
1844 3071
1844 4269
1844 4337
1845 4610
1845 3482
1846 2635
1846 3419
1847 4761
1847 4238
1848 3115
1848 1982
1848 3481
1849 2607
1850 2062
1851 1948
1851 2986
1851 3278
1852 1984
1852 4532
1854 2161
1855 4797
1856 2164
1856 2646
1857 1978
1857 1947
1858 2923
1858 3950
1858 3378
1859 1867
1859 2747
1860 4404
1860 2867
1860 4099
1861 4233
1861 2344
1862 4797
1863 4118
1864 4504
1864 4671
1865 2054
1865 2632
1866 4694
1867 2740
1867 3504
1868 2944
1869 2749
1871 3298
1873 2200
1873 2689
1874 2844
1874 2772
1875 1877
1875 1941
1876 4525
1877 2688
1877 1928
1877 1927
1878 4794
1878 4087
1879 3330
1880 4005
1880 3307
1882 3470
1882 2159
1883 3072
1883 2517
1884 2919
1884 2649
1884 3817
1885 2013
1885 2038
1886 3307
1886 4313
1887 2967
1887 2334
1888 3990
1888 2730
1888 4613
1889 1982
1889 3264
1890 2312
1891 3455
1892 4537
1892 2250
1893 2256
1893 2443
1894 4797
1895 2854
1895 3994
1895 3300
1896 2119
1896 2232
1897 3732
1897 2846
1897 4528
1898 3954
1899 2531
1900 2945
1901 2853
1901 1957
1902 4596
1902 4022
1903 4797
1904 2869
1904 4421
1905 2607
1905 1918
1906 4797
1907 4797
1908 1910
1909 4528
1909 1915
1909 1914
1910 1918
1910 1912
1911 1914
1911 1915
1912 1918
1913 2546
1914 3119
1914 1915
1915 4528
1919 1920
1921 2066
1921 2312
1922 2039
1922 4270
1923 1926
1923 4755
1923 3355
1924 2740
1925 4087
1926 3355
1927 4438
1927 1928
1928 4438
1929 4797
1930 2703
1930 4370
1931 4666
1931 2571
1932 2116
1934 3049
1934 4713
1935 4394
1936 4395
1936 2327
1937 3916
1937 2597
1939 2146
1939 1940
1940 4461
1940 2259
1943 4100
1945 4367
1946 4797
1947 2914
1947 4682
1948 3278
1949 2289
1949 2071
1949 2602
1950 2115
1951 2157
1951 4708
1952 3122
1953 2009
1953 2054
1953 3096
1954 4778
1954 2459
1954 2556
1955 4742
1955 1982
1956 2804
1956 3325
1958 3322
1959 2013
1959 2038
1961 4797
1963 4797
1965 2324
1965 2192
1966 2119
1966 2898
1967 4797
1968 2169
1969 4001
1970 4797
1971 2967
1972 4442
1972 4129
1973 4797
1974 4797
1976 2229
1976 2551
1977 2390
1980 4161
1980 4278
1981 2517
1981 3072
1982 3910
1982 2450
1983 4292
1983 4256
1983 4230
1984 4484
1984 4109
1985 2029
1986 4079
1986 3090
1988 2312
1989 3899
1989 3286
1990 3307
1990 2598
1991 1995
1993 2077
1994 4459
1994 2417
1994 2899
1995 4401
1995 2779
1996 4153
1996 4010
1996 2641
1997 3261
1997 3438
1998 4087
1998 2380
1998 3992
1999 2416
2000 2706
2000 2127
2002 4775
2002 4755
2002 3475
2003 4435
2003 2507
2004 3467
2005 3294
2005 2352
2006 3447
2007 3010
2008 2824
2009 2045
2010 3345
2011 2598
2012 2308
2013 2038
2014 2697
2014 2671
2015 2964
2015 4487
2016 2548
2016 3473
2017 2160
2018 4263
2019 2074
2020 4797
2021 3455
2021 2318
2022 2973
2022 3998
2023 2726
2024 2546
2024 2740
2025 3403
2025 2710
2027 3269
2027 4745
2028 4025
2028 4013
2029 4384
2029 3481
2030 4469
2030 2781
2031 2590
2032 3393
2032 4762
2033 3049
2033 4748
2034 4029
2034 3319
2034 3005
2035 2098
2035 4319
2036 2756
2037 2178
2039 2637
2040 2810
2040 4664
2040 4090
2041 4313
2041 2916
2041 3307
2043 2931
2043 2384
2043 4420
2044 3918
2045 4015
2045 2127
2046 2949
2046 3263
2048 2342
2048 4098
2050 4709
2051 4011
2051 2629
2052 2764
2052 4780
2053 4670
2053 4563
2053 4549
2054 4015
2056 2102
2057 2058
2059 2261
2063 4593
2064 4797
2065 2746
2067 4777
2067 4124
2069 2620
2071 4316
2071 2602
2072 4121
2072 2647
2073 4797
2075 3982
2076 2592
2077 2635
2078 2274
2079 4418
2079 4400
2080 4797
2081 4614
2081 4624
2083 3433
2083 2732
2083 4141
2084 2990
2084 2620
2085 4401
2086 2586
2087 4797
2088 3437
2089 4656
2090 4613
2092 4574
2092 2241
2092 2267
2093 4211
2094 4055
2094 4489
2095 4797
2096 2111
2097 4797
2098 2791
2098 3393
2098 3161
2099 2799
2099 2597
2099 2112
2100 4797
2101 4744
2102 2552
2102 2111
2103 3620
2104 4001
2104 3912
2104 4313
2105 4797
2106 4797
2107 4211
2108 2110
2109 4134
2109 4533
2112 2309
2113 2116
2114 4015
2116 4663
2117 3062
2117 4221
2118 3241
2119 2857
2119 2328
2119 4625
2120 3356
2120 2708
2121 4586
2122 4230
2122 2226
2122 3099
2123 2917
2123 2819
2124 4105
2124 4190
2125 4576
2125 4394
2126 4204
2126 4642
2126 2984
2128 3279
2128 4735
2128 2946
2129 3024
2129 2549
2130 3362
2131 4594
2132 4483
2133 4087
2134 4150
2135 4797
2136 4797
2137 3918
2138 4502
2140 2353
2141 4219
2141 2613
2141 2226
2142 3362
2144 2418
2146 2502
2147 2394
2148 3205
2148 2899
2149 4282
2149 2606
2150 4059
2151 4797
2152 3968
2153 4198
2153 4261
2153 3270
2155 2688
2157 4708
2158 4103
2162 2286
2163 3368
2163 2932
2164 2646
2165 2452
2165 4620
2166 3960
2167 2228
2168 3092
2168 2899
2170 2464
2170 2752
2171 2632
2172 3895
2172 3905
2172 2757
2174 2303
2174 2822
2175 3453
2176 4516
2176 3985
2176 2448
2177 3982
2178 2518
2178 4056
2179 4176
2181 4119
2181 2903
2182 4404
2182 3090
2183 2212
2183 3494
2184 2239
2184 4079
2185 4053
2185 2496
2188 4797
2189 2253
2189 4467
2189 3113
2191 4506
2192 4711
2193 4313
2193 3307
2194 4084
2194 2648
2194 4501
2195 4060
2196 4012
2196 3461
2197 2871
2197 3890
2197 4464
2198 3918
2198 3925
2199 4797
2200 2689
2201 3361
2201 3452
2201 2711
2202 2276
2202 2949
2203 3689
2204 3934
2205 3885
2206 4797
2207 3383
2207 2307
2208 4768
2208 2276
2209 3071
2210 4797
2211 4735
2211 2946
2211 3279
2212 2867
2212 2287
2213 4635
2214 4797
2215 4015
2216 2939
2217 4797
2218 4797
2219 4797
2220 2881
2220 4017
2221 4595
2221 2713
2222 3298
2223 4797
2224 3079
2224 2434
2225 3004
2225 4202
2225 2906
2226 4219
2226 3308
2227 4797
2229 4721
2229 4407
2230 2956
2230 2784
2231 2851
2232 4625
2234 4780
2235 3929
2236 3199
2236 3990
2237 2811
2237 2805
2238 4021
2238 4652
2238 2721
2239 4079
2240 3502
2240 2254
2241 4574
2241 2267
2242 4460
2242 2254
2243 4416
2244 4797
2245 4584
2245 4734
2246 3963
2247 3456
2247 3362
2249 2435
2249 4724
2250 4307
2250 4537
2251 2386
2251 4077
2252 2821
2253 2665
2254 3502
2255 4797
2256 2379
2257 4780
2258 2615
2258 2260
2259 2891
2260 3943
2262 3342
2262 2964
2263 3393
2264 4173
2264 3222
2265 4535
2265 2604
2267 4574
2268 3885
2268 2596
2269 4462
2270 4705
2270 2769
2271 3077
2273 2551
2274 4689
2274 2719
2275 4120
2275 2278
2276 4768
2276 3916
2277 3091
2278 4120
2279 4434
2279 4699
2281 2845
2281 4572
2282 3494
2283 4446
2284 4201
2284 2933
2284 2767
2285 2466
2286 4663
2286 2445
2287 2466
2288 2712
2288 4070
2289 3014
2289 2290
2290 4111
2291 4341
2293 2835
2293 4305
2295 3393
2296 2605
2297 2467
2298 3346
2298 2632
2298 4664
2299 4681
2300 3791
2300 2925
2301 4797
2302 4797
2303 2822
2304 4605
2304 2325
2305 4207
2305 2791
2306 4480
2306 4476
2308 4554
2309 4480
2310 4797
2313 3124
2314 3902
2315 2428
2316 4797
2317 3379
2318 3077
2319 4797
2320 4797
2321 3458
2322 4266
2322 2498
2323 3001
2323 4504
2324 3482
2324 2469
2325 4384
2327 4620
2328 4315
2328 2709
2329 4663
2329 4087
2330 4797
2332 3992
2332 4539
2333 4172
2334 2967
2334 3927
2335 2923
2336 4617
2339 3574
2340 4059
2341 4260
2341 4785
2343 2907
2343 2830
2345 3373
2346 4272
2346 3082
2346 3946
2347 4144
2347 2677
2348 2449
2348 2891
2349 4520
2349 4365
2350 4205
2351 4797
2352 3294
2353 4579
2353 4578
2355 3899
2355 4347
2357 2469
2357 4719
2358 3004
2358 2906
2359 4735
2359 4030
2359 3503
2360 4365
2361 4797
2363 4797
2364 4415
2365 4175
2366 2376
2366 2368
2367 4389
2368 2376
2369 3386
2369 3278
2369 2837
2370 2779
2371 4797
2372 4568
2373 3470
2376 2657
2377 4661
2377 3092
2378 3933
2378 3389
2378 3278
2379 2443
2380 3286
2381 2863
2381 4762
2382 4797
2383 2759
2384 3061
2384 4420
2385 4201
2385 2933
2386 2927
2386 3001
2386 4671
2387 2880
2387 2516
2388 4222
2388 2579
2388 2510
2389 2547
2390 2674
2392 4797
2393 3895
2394 3574
2394 4071
2395 3412
2396 3294
2396 4568
2397 4268
2398 4447
2399 3387
2400 4695
2400 4001
2402 4797
2403 2869
2404 2763
2404 2643
2404 4120
2405 4450
2405 3321
2406 4392
2407 2795
2407 2413
2408 2844
2409 3024
2410 4797
2411 2673
2412 4797
2414 3910
2414 3305
2414 2683
2416 4589
2416 4651
2417 4771
2417 4001
2417 2899
2418 2851
2420 2872
2421 2645
2421 2620
2421 2507
2422 3301
2423 3492
2424 4797
2426 4457
2426 2632
2428 3023
2430 4797
2431 4797
2432 2846
2433 4094
2433 4064
2435 4572
2435 4754
2436 2728
2436 3364
2437 4663
2439 3308
2440 4681
2440 2987
2441 4797
2442 4797
2444 2823
2445 4179
2446 3020
2448 3985
2448 4516
2449 4667
2451 2875
2452 4620
2453 4656
2453 3362
2454 4507
2454 2692
2456 3407
2457 4233
2458 4498
2458 3340
2459 4382
2459 2556
2459 4778
2461 4777
2461 4686
2462 4729
2462 2902
2463 4623
2463 3877
2464 2752
2465 3442
2466 4527
2466 4228
2468 3997
2469 4036
2471 4797
2472 4797
2474 3909
2475 4797
2476 4565
2478 2718
2478 2863
2478 4199
2479 3049
2479 4538
2481 4797
2482 4797
2483 4683
2483 4241
2483 4072
2484 4662
2484 2485
2485 3051
2486 3990
2488 4797
2489 4532
2490 4797
2491 2759
2493 2865
2493 2526
2493 4008
2494 3319
2495 2907
2496 4453
2496 2932
2497 3893
2497 3382
2499 2703
2499 4007
2499 4247
2501 2643
2501 4120
2501 2763
2502 2598
2503 3919
2504 4683
2504 4072
2505 4797
2507 3100
2507 4028
2507 2532
2508 4797
2509 3082
2509 2653
2510 2579
2511 4172
2512 4226
2513 2526
2514 4313
2515 4797
2516 4329
2516 4395
2519 4797
2520 2810
2521 2555
2521 4471
2522 4263
2523 4797
2524 4581
2524 3315
2524 4186
2525 3977
2526 4008
2526 2865
2527 3220
2528 4797
2529 2890
2530 4797
2531 3280
2531 4230
2532 4087
2533 4797
2534 2643
2534 2763
2535 2903
2535 4766
2535 2684
2536 4797
2538 4578
2539 4797
2540 4797
2541 4797
2542 4069
2543 2599
2544 4277
2545 3918
2545 2735
2546 2612
2546 4761
2547 4651
2547 2632
2548 2593
2548 4045
2549 3356
2550 2682
2551 4407
2552 4015
2554 4069
2555 3467
2555 4471
2556 3894
2556 4778
2558 3937
2560 2674
2562 4720
2563 3322
2564 3933
2564 3972
2565 4797
2566 4035
2568 4057
2568 4468
2568 2889
2569 4103
2571 4666
2572 4758
2573 2673
2573 3898
2574 4490
2574 4731
2575 4611
2576 3985
2577 3243
2577 2832
2578 3415
2578 3072
2580 4797
2581 4797
2582 4797
2583 4519
2584 3117
2584 4208
2584 4577
2586 4283
2587 2665
2588 4507
2588 2883
2589 4797
2590 3468
2590 3964
2591 4797
2593 4045
2594 4150
2596 4611
2597 4062
2598 4313
2600 3394
2600 2869
2601 4384
2601 3286
2602 3014
2603 4355
2604 4535
2606 4431
2607 4257
2608 4316
2608 3014
2610 4524
2611 4797
2612 4257
2613 4056
2613 4124
2614 3380
2614 3421
2615 2640
2615 4123
2615 3491
2616 2729
2616 4514
2618 4797
2619 4797
2620 4723
2622 4797
2623 2727
2623 2947
2624 4221
2625 4288
2625 4686
2626 4211
2626 4202
2627 4536
2627 3466
2628 4797
2629 3411
2629 2686
2629 2873
2630 4663
2630 4567
2631 2814
2632 3942
2633 4056
2633 2959
2634 4176
2635 3470
2635 3419
2636 4252
2636 2836
2637 4133
2638 4619
2639 3089
2639 2988
2639 2724
2640 4123
2640 3491
2641 4153
2641 4010
2642 3106
2643 4120
2644 4362
2645 4483
2646 3893
2647 4121
2649 3103
2649 3817
2650 3073
2650 4371
2650 4571
2651 2954
2651 2983
2652 4052
2653 3946
2653 3082
2655 4667
2655 2806
2656 4529
2656 3119
2657 4534
2657 3939
2659 4797
2660 4797
2662 4797
2663 2864
2664 3978
2666 4797
2669 4596
2669 4022
2670 2907
2670 2830
2671 4002
2672 3167
2674 4529
2674 4528
2675 3003
2675 2730
2676 4699
2676 4434
2678 4256
2678 3074
2679 3166
2680 3297
2681 4437
2681 4327
2684 4119
2684 2903
2685 4724
2685 4226
2686 2873
2686 4023
2686 3411
2688 4250
2690 4797
2691 3241
2691 4775
2692 4507
2693 4047
2693 2843
2696 2910
2697 2926
2698 4735
2698 2946
2698 3279
2699 3327
2700 3975
2700 2724
2701 4371
2701 3073
2701 4571
2702 4797
2703 2882
2703 4247
2706 2824
2707 3899
2709 4244
2710 4405
2711 3452
2714 2717
2714 2716
2715 4797
2717 4575
2717 3361
2718 4762
2718 2863
2719 4689
2720 2813
2721 4021
2721 4652
2722 4371
2722 2770
2723 4133
2723 4255
2724 3975
2724 2988
2725 4722
2726 3009
2730 3003
2731 3877
2733 2986
2734 4388
2735 3918
2736 4797
2737 3315
2737 4186
2739 4797
2741 2996
2743 4087
2744 4797
2746 2875
2746 3241
2747 3504
2747 4262
2748 4745
2749 3897
2750 4260
2750 3106
2750 3380
2751 4459
2751 4481
2753 4129
2755 4363
2755 4225
2757 3895
2757 3905
2758 3064
2760 3043
2760 4065
2761 3376
2761 4357
2762 4785
2763 4120
2765 4797
2767 4063
2769 2781
2770 3947
2770 4371
2771 4797
2773 4313
2773 4664
2774 2986
2774 3042
2775 4447
2775 4776
2775 4028
2776 4407
2777 4377
2777 4598
2778 3953
2780 4331
2784 2956
2785 2838
2785 4615
2786 4461
2787 4118
2789 4503
2790 2939
2791 4207
2791 3393
2792 4797
2793 4797
2794 3915
2794 3919
2796 4441
2796 4526
2796 3912
2797 4797
2798 4797
2799 4598
2800 3492
2800 2858
2801 4797
2802 3478
2803 3946
2803 4272
2804 3033
2804 4712
2805 4355
2806 3050
2807 4797
2809 3100
2809 3056
2809 3096
2811 3930
2811 4355
2812 4473
2812 4700
2814 3100
2815 3220
2816 4576
2816 3381
2816 4456
2817 4654
2818 4404
2818 4099
2820 3484
2821 3395
2825 4676
2825 4536
2827 4684
2829 3413
2830 2907
2832 4603
2833 4219
2834 4785
2835 4305
2836 4252
2837 3386
2837 3972
2838 4615
2838 4022
2838 4160
2839 3077
2840 4488
2840 4241
2840 4683
2841 4618
2843 4590
2844 4519
2845 4572
2846 3732
2846 4528
2847 4597
2849 4663
2850 3916
2850 4531
2850 3025
2852 3029
2852 4015
2854 4044
2854 3300
2855 4784
2856 4162
2856 4141
2857 4273
2858 4278
2859 3222
2861 2999
2861 4463
2861 4609
2863 4762
2865 4008
2866 4211
2866 4698
2868 2870
2869 4421
2871 3890
2871 4464
2872 3943
2873 3411
2873 4023
2874 4528
2874 4308
2875 4308
2876 4705
2877 3346
2878 2879
2881 4017
2881 4605
2882 3375
2882 4247
2883 4121
2884 4533
2885 4013
2885 4025
2886 4236
2886 4418
2887 4797
2888 3991
2888 3927
2889 4057
2889 4468
2889 4569
2892 4605
2894 4150
2894 4126
2895 3499
2895 4097
2896 4797
2897 3482
2899 4313
2900 4797
2901 4608
2902 4729
2902 3417
2903 4119
2906 3004
2908 4591
2908 4046
2909 4797
2911 4797
2912 4759
2913 4797
2914 3935
2915 4365
2915 4741
2915 4477
2916 4313
2917 2945
2919 3971
2919 3817
2921 4109
2921 4079
2923 3362
2923 3912
2923 3036
2924 4005
2925 3791
2926 3398
2927 3292
2927 3326
2930 4797
2931 4420
2932 4453
2933 4201
2934 3441
2935 4079
2936 4352
2936 4170
2937 4797
2940 4582
2940 4730
2941 4797
2942 4797
2943 4797
2946 4735
2946 3279
2947 4389
2949 3263
2950 4373
2952 3022
2954 4392
2954 4243
2955 4797
2957 4699
2958 4584
2958 4403
2959 4777
2962 4628
2962 4737
2963 4797
2964 3342
2966 4045
2966 4738
2969 4082
2970 3006
2971 4642
2971 3403
2972 3376
2974 3434
2975 4797
2976 4797
2979 3364
2980 4528
2981 4015
2982 4525
2982 3090
2984 4204
2985 3985
2985 3310
2986 3972
2987 4681
2988 3089
2989 3297
2989 4148
2990 3912
2992 4251
2993 4797
2995 4797
2996 3430
2997 4495
2997 4579
2997 4578
2998 4797
2999 4609
3001 4671
3001 4729
3005 4029
3005 4271
3007 4473
3008 4797
3009 4072
3009 4475
3010 3435
3011 4797
3013 3514
3013 4187
3016 3435
3017 3279
3017 4735
3018 4029
3018 4271
3019 4797
3021 4583
3022 3024
3022 4747
3023 4008
3024 3307
3025 3916
3025 4531
3027 3990
3028 3468
3028 3964
3029 4486
3029 4749
3030 3060
3030 3042
3031 4775
3031 4751
3032 4241
3032 4488
3032 4683
3033 4712
3034 4563
3034 4549
3036 3307
3040 4766
3041 3054
3042 3060
3043 4751
3043 4065
3044 3051
3045 4248
3046 4797
3047 3911
3048 4797
3049 4780
3050 4755
3050 3053
3051 4528
3052 4600
3053 3931
3054 3362
3055 3493
3055 4713
3056 3496
3057 3106
3057 4260
3057 3380
3058 4797
3061 4420
3063 4418
3064 4018
3064 4654
3066 3395
3067 4384
3068 4332
3068 3366
3070 3220
3071 4337
3073 4371
3073 4571
3075 4797
3076 4797
3078 4797
3079 4431
3081 4770
3082 4272
3082 3946
3083 4784
3084 4797
3086 4785
3087 4797
3090 4404
3093 4384
3096 4223
3098 4109
3101 3183
3102 4713
3104 4656
3104 4487
3105 4001
3106 4785
3107 3563
3108 3205
3108 4002
3109 4797
3110 4796
3110 3347
3111 4175
3113 4272
3113 3891
3114 3484
3114 4124
3115 4567
3115 4502
3115 4605
3116 3912
3116 4526
3117 4208
3117 4577
3118 4797
3120 3930
3123 4797
3124 3273
3125 4797
3126 4797
3127 4797
3128 4797
3129 4797
3130 4797
3131 4797
3132 4797
3133 4797
3134 4797
3135 4797
3136 4797
3137 4797
3138 4797
3139 4797
3140 4797
3141 4797
3142 4797
3143 4797
3144 4797
3145 4797
3146 4797
3147 4797
3148 4797
3149 4797
3150 4797
3151 4797
3152 4797
3153 4797
3154 4797
3155 4797
3156 4797
3157 4797
3158 4797
3159 4797
3160 4797
3161 4319
3162 4797
3163 4797
3164 4797
3165 4797
3166 3901
3167 4771
3168 4797
3169 4797
3170 4797
3171 4797
3172 4797
3173 4797
3174 4797
3175 4797
3176 4797
3177 4797
3178 4797
3179 4797
3180 4797
3181 4797
3182 4797
3183 4758
3184 4797
3185 4797
3186 4797
3187 4797
3188 4797
3189 4797
3190 4797
3191 4797
3192 4797
3193 4759
3194 4797
3195 4416
3195 4325
3196 4797
3197 4046
3198 4797
3199 3990
3200 4797
3201 4797
3202 4797
3203 4797
3204 3304
3204 4393
3204 4128
3205 4001
3206 4797
3207 4797
3208 4797
3209 4797
3210 4797
3211 4797
3212 4797
3213 4797
3214 4797
3215 4797
3216 4797
3218 4797
3219 4797
3221 4797
3222 4173
3224 4797
3225 4797
3226 4797
3227 4797
3228 4797
3229 4797
3230 4797
3231 4797
3232 4797
3233 4797
3234 4797
3235 4797
3236 4797
3237 3902
3238 4797
3239 4243
3241 4028
3242 4797
3245 4797
3247 4797
3248 4797
3249 4797
3250 4797
3251 4797
3252 4797
3253 4797
3254 4797
3255 4797
3257 4797
3258 4797
3259 4797
3260 4797
3261 3383
3262 4797
3263 4583
3264 4249
3265 4102
3267 4663
3268 4797
3269 4745
3269 4190
3270 4198
3270 4261
3271 4797
3274 4649
3275 4797
3276 4586
3277 4797
3278 3933
3279 4735
3280 3901
3281 4797
3282 4797
3283 4797
3284 4797
3285 4797
3286 4384
3286 4605
3288 4397
3291 4797
3292 3326
3293 4262
3293 3504
3295 3447
3296 3893
3297 4421
3297 4148
3298 4230
3299 4307
3299 4294
3301 3390
3301 4692
3302 4797
3303 4797
3304 4393
3304 4128
3305 3910
3306 4797
3307 4001
3307 4313
3310 3985
3312 3910
3312 4006
3314 4361
3315 4581
3315 4186
3316 4797
3317 4797
3318 4797
3321 4450
3322 4664
3322 3701
3324 4699
3324 4360
3325 4712
3326 4708
3328 4797
3329 4133
3330 3991
3331 3335
3331 3336
3331 3338
3332 4797
3333 4797
3335 3336
3335 3905
3335 3338
3336 3905
3336 3338
3337 4337
3339 3905
3339 3895
3340 4431
3340 4047
3341 4797
3343 4797
3344 4797
3345 3346
3345 3930
3349 4625
3349 3456
3350 4071
3350 3930
3353 4797
3356 4221
3357 4727
3357 4294
3359 4797
3363 3438
3363 4135
3364 4199
3366 4246
3366 4332
3368 4289
3369 4797
3370 4561
3370 4703
3372 4261
3372 3409
3374 4092
3376 4729
3377 4408
3379 4255
3380 4260
3381 4576
3382 3450
3384 4609
3385 4358
3385 4627
3386 3972
3388 3443
3389 3933
3390 4692
3392 4371
3393 4762
3393 4207
3394 4067
3396 3401
3397 4459
3398 4229
3399 4337
3399 4726
3402 4412
3403 4127
3403 4405
3404 3984
3407 4110
3410 4797
3411 4023
3412 4004
3416 4450
3418 4650
3419 3470
3421 4785
3422 4470
3423 4792
3423 4441
3424 4179
3424 4018
3425 4797
3427 4797
3428 4144
3430 4382
3431 4654
3432 4797
3433 4141
3435 4240
3435 4235
3435 4730
3436 4119
3437 4727
3437 4294
3439 4797
3440 3805
3440 3808
3443 4730
3444 4313
3444 3799
3445 4797
3446 3457
3448 3910
3448 3483
3449 4035
3450 3576
3451 4425
3451 4237
3453 4419
3456 4411
3457 4172
3457 3931
3459 4797
3460 4797
3462 4481
3463 4797
3465 4522
3466 3476
3466 3980
3468 3964
3476 3980
3477 4265
3477 4604
3478 4400
3479 3972
3480 4506
3485 3937
3485 4682
3486 4141
3488 4728
3488 4718
3488 4478
3490 4797
3491 4123
3494 4660
3496 4118
3497 4297
3498 4797
3500 4797
3502 4728
3503 4030
3505 4797
3506 4797
3507 4797
3509 4797
3510 4797
3511 4797
3512 4797
3513 4797
3514 4466
3514 4187
3515 4797
3516 4797
3517 4797
3518 4797
3519 4797
3520 4797
3521 4797
3522 4797
3523 4797
3524 4797
3525 4797
3526 4797
3527 4797
3528 4797
3529 4797
3530 4797
3531 4797
3532 4797
3533 4797
3534 4797
3535 4797
3536 4797
3537 3818
3538 4797
3539 4797
3540 4797
3541 4797
3542 4797
3543 4797
3544 4797
3545 4797
3546 4797
3547 4797
3548 4797
3549 4797
3550 4797
3551 4797
3552 4797
3553 4797
3554 4797
3555 4797
3556 4797
3557 4797
3558 4797
3559 4797
3560 4797
3561 4797
3562 4797
3564 4797
3565 4797
3566 4797
3567 4797
3568 4797
3569 4797
3570 4797
3571 4797
3572 4797
3573 4797
3574 3799
3574 4308
3574 3701
3575 4797
3576 3893
3576 4036
3577 4797
3578 4797
3579 4797
3580 4797
3581 4797
3582 4797
3583 4797
3584 3746
3584 3770
3585 4797
3586 4797
3587 4797
3588 4797
3589 4797
3590 4797
3591 4797
3592 4797
3593 4797
3594 4797
3595 4797
3596 4797
3597 4797
3598 4797
3599 4797
3600 4797
3601 4797
3602 4797
3603 4797
3604 4797
3605 4797
3606 4797
3607 4797
3608 4797
3609 4797
3610 4797
3611 4797
3612 4797
3613 4797
3614 4797
3615 4797
3616 4797
3617 4797
3618 4797
3619 4797
3620 3936
3620 3888
3621 4797
3622 4797
3623 4797
3624 4797
3625 4797
3626 4797
3627 4797
3628 4797
3629 4797
3630 4797
3631 4797
3632 4797
3633 4797
3634 4797
3635 4797
3636 4797
3637 4797
3638 4797
3639 4797
3640 4797
3641 4797
3642 4123
3643 4797
3644 4797
3645 4797
3646 4797
3647 4797
3648 4797
3650 4797
3651 4797
3652 4797
3653 4797
3654 4797
3655 4797
3656 4797
3657 4797
3658 4797
3659 4797
3660 4797
3661 4797
3662 4797
3663 4797
3664 4797
3665 4797
3666 4797
3667 4797
3668 4797
3669 4797
3670 4797
3671 4797
3672 4797
3673 4797
3674 4797
3675 4797
3676 4797
3677 4797
3678 4797
3679 4797
3680 4797
3681 4797
3682 4797
3683 4797
3684 4797
3685 4797
3686 4797
3687 4797
3688 4797
3690 4797
3691 4797
3692 4797
3693 4797
3694 4797
3695 4797
3696 4797
3697 4797
3698 4797
3699 4797
3700 4797
3701 4308
3702 4797
3703 4797
3704 4797
3705 4797
3706 4797
3707 4797
3708 4797
3709 4797
3710 4797
3711 4797
3712 4797
3713 4797
3714 4797
3715 4797
3716 4797
3717 4797
3718 4797
3719 4797
3720 4797
3721 4797
3722 4797
3723 4797
3724 4797
3725 4797
3726 4797
3727 4797
3728 4797
3729 4797
3730 4797
3731 4797
3732 4528
3732 4529
3733 4797
3734 4797
3735 4797
3736 4797
3737 4797
3738 4797
3739 4797
3740 4797
3741 4797
3742 4797
3743 4797
3744 4797
3745 4797
3746 3770
3747 4797
3748 4797
3749 4797
3750 4797
3751 4797
3752 4797
3753 4797
3754 4797
3755 4797
3756 4797
3757 4797
3758 4797
3759 4797
3760 4797
3761 4797
3762 4797
3763 4797
3764 4797
3765 4797
3766 4797
3767 4797
3768 4797
3769 4797
3771 4797
3772 4797
3773 4797
3774 4797
3775 4797
3776 4797
3777 4797
3778 4797
3779 4797
3780 4797
3781 4797
3783 4797
3784 4797
3785 4797
3786 4797
3787 4797
3788 4797
3789 4797
3790 4797
3792 4797
3793 4797
3794 4797
3795 4797
3796 4797
3797 4797
3798 4797
3799 3907
3800 4797
3801 4797
3802 4797
3803 4797
3804 4797
3805 3808
3806 4797
3807 4797
3809 4797
3810 4797
3811 4797
3812 4797
3813 4797
3814 4797
3815 4797
3816 4797
3817 4528
3819 4797
3820 4797
3821 4797
3822 4797
3823 4797
3824 4797
3825 4797
3826 4797
3827 4797
3828 4797
3829 4797
3830 4797
3831 4797
3832 4797
3833 4797
3834 4797
3835 4797
3836 4797
3837 4797
3838 4797
3839 4797
3840 4797
3841 4797
3842 4797
3843 4797
3844 4797
3845 4797
3846 4797
3847 4797
3848 4797
3849 4797
3850 4797
3851 4797
3852 4797
3853 4797
3854 4797
3855 4797
3856 4797
3857 4797
3858 4797
3859 4797
3860 4797
3861 4797
3862 4797
3863 4797
3864 4797
3865 4797
3866 4797
3867 4797
3868 4797
3869 4797
3870 4797
3871 4797
3872 4797
3873 4797
3874 4528
3875 4797
3876 4797
3877 4178
3878 4797
3879 4797
3880 4797
3881 4797
3882 4797
3886 4797
3887 4079
3889 4797
3890 4718
3890 4464
3892 4107
3893 4036
3895 3905
3896 4506
3897 4082
3899 4266
3903 4797
3904 4797
3906 4797
3907 4308
3909 4130
3910 4502
3911 4663
3913 4797
3915 3918
3915 3925
3915 3919
3916 3920
3916 3922
3917 4797
3918 3919
3918 3925
3919 3925
3920 3922
3921 4797
3923 4270
3927 4118
3927 3991
3927 4263
3928 4797
3932 4797
3933 3972
3934 4236
3936 4268
3939 3940
3944 4656
3944 4137
3946 4272
3947 4371
3947 4571
3948 4797
3949 4797
3950 4610
3950 4645
3951 4797
3953 4247
3955 4797
3956 4752
3956 4214
3957 4797
3959 4797
3961 4795
3962 4797
3966 4797
3969 4797
3970 4797
3973 4797
3976 4797
3979 4797
3981 4797
3983 4397
3985 4516
3986 4797
3987 4797
3988 4797
3989 4262
3989 4483
3989 4465
3992 4145
3995 4797
3996 4337
3999 4341
4000 4716
4001 4313
4003 4705
4007 4247
4008 4407
4008 4185
4010 4261
4012 4236
4013 4352
4015 4538
4016 4797
4019 4797
4020 4785
4020 4768
4021 4652
4022 4596
4024 4797
4025 4026
4027 4463
4029 4271
4031 4317
4031 4255
4032 4797
4033 4797
4034 4753
4039 4797
4041 4127
4041 4503
4042 4109
4043 4797
4044 4120
4046 4591
4048 4120
4048 4680
4051 4797
4052 4742
4054 4775
4057 4569
4060 4691
4061 4338
4064 4094
4066 4797
4068 4797
4072 4683
4073 4797
4074 4797
4075 4532
4075 4253
4076 4797
4078 4797
4080 4797
4081 4797
4083 4695
4084 4501
4084 4249
4089 4797
4096 4680
4099 4404
4100 4574
4101 4797
4102 4650
4103 4429
4106 4797
4108 4150
4113 4739
4115 4118
4116 4313
4117 4256
4118 4263
4121 4267
4127 4503
4128 4393
4132 4450
4133 4255
4135 4660
4136 4797
4140 4797
4141 4713
4144 4250
4149 4506
4152 4442
4152 4775
4155 4656
4156 4796
4157 4230
4158 4476
4160 4615
4161 4278
4161 4429
4162 4355
4163 4740
4165 4468
4166 4176
4170 4712
4171 4797
4172 4713
4180 4797
4181 4797
4183 4797
4185 4754
4186 4581
4187 4466
4189 4797
4192 4730
4193 4797
4195 4797
4196 4797
4197 4797
4198 4261
4199 4319
4203 4797
4205 4721
4207 4762
4208 4738
4208 4577
4210 4797
4212 4797
4213 4797
4214 4353
4216 4797
4217 4797
4218 4797
4226 4265
4227 4797
4229 4598
4231 4797
4232 4235
4237 4425
4239 4703
4239 4710
4240 4329
4241 4488
4241 4683
4243 4392
4244 4315
4245 4672
4245 4609
4245 4487
4246 4332
4249 4501
4264 4797
4275 4797
4278 4429
4280 4797
4281 4671
4282 4402
4285 4797
4286 4668
4286 4748
4287 4519
4290 4694
4291 4797
4296 4797
4299 4797
4300 4431
4304 4797
4306 4410
4308 4528
4309 4797
4311 4797
4318 4571
4319 4762
4320 4440
4321 4654
4322 4797
4323 4665
4328 4707
4330 4797
4334 4781
4336 4797
4338 4674
4338 4400
4339 4617
4343 4442
4343 4524
4346 4797
4349 4729
4351 4617
4357 4729
4365 4477
4365 4741
4367 4633
4368 4797
4369 4797
4371 4571
4372 4797
4375 4701
4376 4797
4377 4598
4378 4797
4379 4791
4381 4797
4382 4778
4383 4797
4385 4797
4386 4797
4388 4589
4394 4456
4398 4797
4399 4436
4400 4418
4403 4734
4403 4584
4405 4503
4406 4797
4409 4797
4420 4424
4423 4797
4426 4797
4427 4797
4428 4797
4430 4797
4433 4797
4434 4699
4437 4723
4437 4663
4438 4666
4439 4718
4442 4527
4443 4797
4454 4797
4455 4797
4456 4576
4457 4527
4458 4797
4473 4700
4477 4741
4478 4718
4481 4793
4488 4683
4490 4731
4491 4493
4491 4492
4492 4493
4494 4797
4496 4797
4499 4663
4502 4605
4508 4797
4509 4797
4512 4589
4512 4590
4513 4797
4515 4777
4517 4797
4520 4741
4522 4529
4528 4529
4536 4676
4540 4797
4541 4797
4542 4797
4543 4797
4544 4797
4545 4797
4546 4797
4547 4797
4548 4797
4549 4670
4549 4563
4550 4797
4551 4797
4552 4797
4553 4797
4555 4797
4556 4797
4557 4797
4558 4797
4559 4797
4560 4797
4561 4703
4562 4797
4563 4670
4564 4797
4566 4797
4572 4754
4577 4738
4578 4579
4580 4797
4584 4734
4601 4797
4614 4624
4620 4730
4621 4797
4625 4626
4628 4737
4630 4797
4632 4797
4636 4797
4648 4695
4648 4774
4655 4691
4656 4780
4658 4661
4658 4665
4659 4660
4662 4665
4669 4797
4679 4797
4688 4797
4696 4797
4703 4710
4724 4754
4748 4749
4757 4797
4760 4797
4764 4797
4782 4797
4783 4797
4786 4797
4788 4797
4789 4797
